{
  "nbformat": 4,
  "nbformat_minor": 0,
  "metadata": {
    "colab": {
      "name": "Control360Degree.ipynb",
      "provenance": [],
      "collapsed_sections": [],
      "machine_shape": "hm"
    },
    "kernelspec": {
      "name": "python3",
      "display_name": "Python 3"
    },
    "language_info": {
      "name": "python"
    }
  },
  "cells": [
    {
      "cell_type": "code",
      "execution_count": null,
      "metadata": {
        "id": "M5QpyNMKLcW6"
      },
      "outputs": [],
      "source": [
        "import json\n",
        "import numpy as np\n",
        "import math"
      ]
    },
    {
      "cell_type": "code",
      "source": [
        "# the input dictionary file with entire dataset\n",
        "# output files to hold train and test dictionaries\n",
        "fileName = \"/content/transforms_kitchen_test_mini.json\"\n",
        "testFile = \"/content/transforms_kitchen_360_2.json\""
      ],
      "metadata": {
        "id": "yD4S_qi-L3wT"
      },
      "execution_count": null,
      "outputs": []
    },
    {
      "cell_type": "code",
      "source": [
        "# populating the original dataset dictionary\n",
        "with open(fileName) as f:\n",
        "  origDict = json.load(f)"
      ],
      "metadata": {
        "id": "D_FkS5h7MXXH"
      },
      "execution_count": null,
      "outputs": []
    },
    {
      "cell_type": "code",
      "source": [
        "print(origDict)"
      ],
      "metadata": {
        "colab": {
          "base_uri": "https://localhost:8080/"
        },
        "id": "7HJFxB2tMhMU",
        "outputId": "73f0e9fe-45fa-440f-d9e0-9478e00f5708"
      },
      "execution_count": null,
      "outputs": [
        {
          "output_type": "stream",
          "name": "stdout",
          "text": [
            "{'camera_angle_x': 1.4615433007453345, 'camera_angle_y': 0.9316593764101391, 'fl_x': 1071.060230074293, 'fl_y': 1074.1339770913903, 'k1': -0.020229269510414753, 'k2': 0.008915132147503809, 'p1': -0.001387325144239102, 'p2': 0.0008585649047853269, 'cx': 960.4199930677133, 'cy': 532.716109900055, 'w': 1920.0, 'h': 1080.0, 'aabb_scale': 4, 'frames': [{'file_path': './../drive/MyDrive/kitchen/0192.jpg', 'sharpness': 22.469190294788497, 'transform_matrix': [[0.05367740456794344, 0.008070272194690507, 0.998525716727681, 3.510874518834144], [0.9898856520867708, 0.13107597270591886, -0.05427232418045291, -0.31034874360439846], [-0.13132072202073036, 0.9913394777302675, -0.0009528286378867511, 1.010810323042047], [0.0, 0.0, 0.0, 1.0]]}, {'file_path': './../drive/MyDrive/kitchen/0130.jpg', 'sharpness': 43.5787826322207, 'transform_matrix': [[-0.008537473036469626, -0.03139960914041854, 0.9994704478477373, 3.703170921185871], [0.9978575658437637, 0.064567253938835, 0.010552156516993401, -0.3002774320755658], [-0.06486439580076812, 0.99741923697386, 0.03078109635576183, 0.574267497853234], [0.0, 0.0, 0.0, 1.0]]}, {'file_path': './../drive/MyDrive/kitchen/0097.jpg', 'sharpness': 38.6856365740592, 'transform_matrix': [[-0.07512665996091478, -0.14166532137685303, 0.9870597356306691, 2.8443292714240176], [0.9971667358695047, -0.006894827332405124, 0.0749063564152987, -1.305941563719584], [-0.003806026610799467, 0.9898905990543739, 0.1417819314517516, 0.9623283204725364], [0.0, 0.0, 0.0, 1.0]]}, {'file_path': './../drive/MyDrive/kitchen/0292.jpg', 'sharpness': 14.021594327288758, 'transform_matrix': [[-0.03965636857875851, 0.005927854501641492, 0.9991957931222134, 3.0739376479875435], [0.9975153373528618, -0.05803815953153408, 0.03993399283819457, -1.8717685977415577], [0.058228207743679136, 0.9982967657966779, -0.0036115431369684405, 1.8412583637645783], [0.0, 0.0, 0.0, 1.0]]}, {'file_path': './../drive/MyDrive/kitchen/0300.jpg', 'sharpness': 17.69845341234037, 'transform_matrix': [[-0.2825528733344914, -0.049641301508607676, 0.9579663955358405, 2.8780606582775947], [0.9466199574001608, 0.14710445220533053, 0.28682910660023614, 0.9302969224873308], [-0.15515969200860164, 0.9878744967587851, 0.005426661068454059, 1.6203654382819799], [0.0, 0.0, 0.0, 1.0]]}, {'file_path': './../drive/MyDrive/kitchen/0064.jpg', 'sharpness': 110.0816495757007, 'transform_matrix': [[-0.23236947456981943, -0.09940884399603424, 0.9675341384387914, 3.5727692874246757], [0.9676634479659807, 0.07674725864709121, 0.24028589172223316, 2.136930146850367], [-0.09814213549731589, 0.9920825268325111, 0.07836058457301606, -0.8230832618040379], [0.0, 0.0, 0.0, 1.0]]}]}\n"
          ]
        }
      ]
    },
    {
      "cell_type": "code",
      "source": [
        "print(origDict.keys())"
      ],
      "metadata": {
        "colab": {
          "base_uri": "https://localhost:8080/"
        },
        "id": "6Ro3oadTMign",
        "outputId": "317fd86e-33bf-4daa-d40d-56c1abb0914f"
      },
      "execution_count": null,
      "outputs": [
        {
          "output_type": "stream",
          "name": "stdout",
          "text": [
            "dict_keys(['camera_angle_x', 'camera_angle_y', 'fl_x', 'fl_y', 'k1', 'k2', 'p1', 'p2', 'cx', 'cy', 'w', 'h', 'aabb_scale', 'frames'])\n"
          ]
        }
      ]
    },
    {
      "cell_type": "code",
      "source": [
        "# sort the frames by filenames\n",
        "sortedFrames = sorted(origDict[\"frames\"], key = lambda x: x[\"file_path\"])\n",
        "print(*sortedFrames, sep=\"\\n\")"
      ],
      "metadata": {
        "colab": {
          "base_uri": "https://localhost:8080/"
        },
        "id": "iXzPEPo5KnaG",
        "outputId": "861adea3-f2c9-4faf-9ecf-72ac9f230b16"
      },
      "execution_count": null,
      "outputs": [
        {
          "output_type": "stream",
          "name": "stdout",
          "text": [
            "{'file_path': './../drive/MyDrive/kitchen/0064.jpg', 'sharpness': 110.0816495757007, 'transform_matrix': [[-0.23236947456981943, -0.09940884399603424, 0.9675341384387914, 3.5727692874246757], [0.9676634479659807, 0.07674725864709121, 0.24028589172223316, 2.136930146850367], [-0.09814213549731589, 0.9920825268325111, 0.07836058457301606, -0.8230832618040379], [0.0, 0.0, 0.0, 1.0]]}\n",
            "{'file_path': './../drive/MyDrive/kitchen/0097.jpg', 'sharpness': 38.6856365740592, 'transform_matrix': [[-0.07512665996091478, -0.14166532137685303, 0.9870597356306691, 2.8443292714240176], [0.9971667358695047, -0.006894827332405124, 0.0749063564152987, -1.305941563719584], [-0.003806026610799467, 0.9898905990543739, 0.1417819314517516, 0.9623283204725364], [0.0, 0.0, 0.0, 1.0]]}\n",
            "{'file_path': './../drive/MyDrive/kitchen/0130.jpg', 'sharpness': 43.5787826322207, 'transform_matrix': [[-0.008537473036469626, -0.03139960914041854, 0.9994704478477373, 3.703170921185871], [0.9978575658437637, 0.064567253938835, 0.010552156516993401, -0.3002774320755658], [-0.06486439580076812, 0.99741923697386, 0.03078109635576183, 0.574267497853234], [0.0, 0.0, 0.0, 1.0]]}\n",
            "{'file_path': './../drive/MyDrive/kitchen/0192.jpg', 'sharpness': 22.469190294788497, 'transform_matrix': [[0.05367740456794344, 0.008070272194690507, 0.998525716727681, 3.510874518834144], [0.9898856520867708, 0.13107597270591886, -0.05427232418045291, -0.31034874360439846], [-0.13132072202073036, 0.9913394777302675, -0.0009528286378867511, 1.010810323042047], [0.0, 0.0, 0.0, 1.0]]}\n",
            "{'file_path': './../drive/MyDrive/kitchen/0292.jpg', 'sharpness': 14.021594327288758, 'transform_matrix': [[-0.03965636857875851, 0.005927854501641492, 0.9991957931222134, 3.0739376479875435], [0.9975153373528618, -0.05803815953153408, 0.03993399283819457, -1.8717685977415577], [0.058228207743679136, 0.9982967657966779, -0.0036115431369684405, 1.8412583637645783], [0.0, 0.0, 0.0, 1.0]]}\n",
            "{'file_path': './../drive/MyDrive/kitchen/0300.jpg', 'sharpness': 17.69845341234037, 'transform_matrix': [[-0.2825528733344914, -0.049641301508607676, 0.9579663955358405, 2.8780606582775947], [0.9466199574001608, 0.14710445220533053, 0.28682910660023614, 0.9302969224873308], [-0.15515969200860164, 0.9878744967587851, 0.005426661068454059, 1.6203654382819799], [0.0, 0.0, 0.0, 1.0]]}\n"
          ]
        }
      ]
    },
    {
      "cell_type": "code",
      "source": [
        "sortedFramesLen = len(sortedFrames)\n",
        "print(sortedFramesLen)"
      ],
      "metadata": {
        "colab": {
          "base_uri": "https://localhost:8080/"
        },
        "id": "ZLU2lcgiMo6E",
        "outputId": "710d2d54-22d1-4285-f974-31776f3f62e0"
      },
      "execution_count": null,
      "outputs": [
        {
          "output_type": "stream",
          "name": "stdout",
          "text": [
            "6\n"
          ]
        }
      ]
    },
    {
      "cell_type": "code",
      "source": [
        "# to hold training and testing frames\n",
        "testFrames = []"
      ],
      "metadata": {
        "id": "vWzCm-J0OJkD"
      },
      "execution_count": null,
      "outputs": []
    },
    {
      "cell_type": "code",
      "source": [
        "\"\"\"\n",
        "# rotation about vertical y-axis\n",
        "# translation about all axes possibly\n",
        "angle = math.pi / 12\n",
        "xt = 0\n",
        "yt = 0\n",
        "zt = 0\n",
        "transform_matrix = np.asarray([[math.cos(angle), 0, math.sin(angle), xt],\n",
        "                    [0, 1, 0, yt],\n",
        "                    [-math.sin(angle), 0, math.cos(angle), zt],\n",
        "                    [0, 0, 0, 1]])\n",
        "transform_matrix\n",
        "\"\"\""
      ],
      "metadata": {
        "colab": {
          "base_uri": "https://localhost:8080/",
          "height": 87
        },
        "id": "1YfN5CqcOOuV",
        "outputId": "1179b528-9283-4d89-d7a6-13260329f9ea"
      },
      "execution_count": null,
      "outputs": [
        {
          "output_type": "execute_result",
          "data": {
            "text/plain": [
              "'\\n# rotation about vertical y-axis\\n# translation about all axes possibly\\nangle = math.pi / 12\\nxt = 0\\nyt = 0\\nzt = 0\\ntransform_matrix = np.asarray([[math.cos(angle), 0, math.sin(angle), xt],\\n                    [0, 1, 0, yt],\\n                    [-math.sin(angle), 0, math.cos(angle), zt],\\n                    [0, 0, 0, 1]])\\ntransform_matrix\\n'"
            ],
            "application/vnd.google.colaboratory.intrinsic+json": {
              "type": "string"
            }
          },
          "metadata": {},
          "execution_count": 137
        }
      ]
    },
    {
      "cell_type": "code",
      "source": [
        "# rotation about axes\n",
        "xrot = 0\n",
        "yrot = 0\n",
        "zrot = math.pi / 6\n",
        "\n",
        "# translation along axes\n",
        "xt = 0\n",
        "yt = 0\n",
        "zt = 0"
      ],
      "metadata": {
        "id": "7r_pg2F8iJ3J"
      },
      "execution_count": null,
      "outputs": []
    },
    {
      "cell_type": "code",
      "source": [
        "transform_matrix = np.array([[1, 0, 0, 0], \n",
        "                               [0, math.cos(xrot), -math.sin(xrot), 0], \n",
        "                               [0, math.sin(xrot), math.cos(xrot), 0],\n",
        "                               [0, 0, 0, 1]], dtype = float)\n",
        "tranform_matrix = transform_matrix @ np.array([[math.cos(yrot), 0, math.sin(yrot), 0],\n",
        "                                                 [0, 1, 0, 0],\n",
        "                                                 [-math.sin(yrot), 0, math.cos(yrot), 0],\n",
        "                                                 [0, 0, 0, 1]], dtype = float)\n",
        "transform_matrix = transform_matrix @ np.array([[math.cos(zrot), -math.sin(zrot), 0, 0],\n",
        "                                                  [math.sin(zrot), math.cos(zrot), 0, 0],\n",
        "                                                  [0, 0, 1, 0],\n",
        "                                                  [0, 0, 0, 1]], dtype = float)\n",
        "transform_matrix = transform_matrix + np.array([[0, 0, 0, xt],\n",
        "                                                  [0, 0, 0, yt],\n",
        "                                                  [0, 0, 0, zt],\n",
        "                                                  [0, 0, 0, 0]], dtype = float)\n",
        "transform_matrix"
      ],
      "metadata": {
        "colab": {
          "base_uri": "https://localhost:8080/"
        },
        "id": "8vO6DqVXiWnK",
        "outputId": "f8edfaf8-08bd-4de7-ee0b-5e0c38734af3"
      },
      "execution_count": null,
      "outputs": [
        {
          "output_type": "execute_result",
          "data": {
            "text/plain": [
              "array([[ 0.8660254, -0.5      ,  0.       ,  0.       ],\n",
              "       [ 0.5      ,  0.8660254,  0.       ,  0.       ],\n",
              "       [ 0.       ,  0.       ,  1.       ,  0.       ],\n",
              "       [ 0.       ,  0.       ,  0.       ,  1.       ]])"
            ]
          },
          "metadata": {},
          "execution_count": 132
        }
      ]
    },
    {
      "cell_type": "code",
      "source": [
        "alph = \"abcdefghijklmnopqrstuvwxyz\"\n",
        "for i in range(0, 24):\n",
        "  zrot = math.pi / 12 * i\n",
        "  transform_matrix = np.array([[math.cos(zrot), -math.sin(zrot), 0, 0],\n",
        "                               [math.sin(zrot), math.cos(zrot), 0, 0],\n",
        "                               [0, 0, 1, 0],\n",
        "                               [0, 0, 0, 1]], dtype = float)\n",
        "  new_frame = {}\n",
        "  new_frame[\"file_path\"] = \"./drive/MyDrive/gokuWhiteImagesBox1/0064_{seq_no}.jpg\".format(seq_no = alph[i])\n",
        "  new_frame[\"sharpness\"] = sortedFrames[1][\"sharpness\"]\n",
        "  new_frame[\"transform_matrix\"] = (transform_matrix @\n",
        "                                   np.asarray(sortedFrames[1][\"transform_matrix\"])).tolist()\n",
        "  testFrames.append(new_frame)\n",
        "testFrames"
      ],
      "metadata": {
        "colab": {
          "base_uri": "https://localhost:8080/"
        },
        "id": "nPS9AN-Xog5u",
        "outputId": "a47984a1-fe9f-4b6c-fb81-d5ec988e7ed7"
      },
      "execution_count": null,
      "outputs": [
        {
          "output_type": "execute_result",
          "data": {
            "text/plain": [
              "[{'file_path': './drive/MyDrive/gokuWhiteImagesBox1/0064_a.jpg',\n",
              "  'sharpness': 38.6856365740592,\n",
              "  'transform_matrix': [[-0.07512665996091478,\n",
              "    -0.14166532137685303,\n",
              "    0.9870597356306691,\n",
              "    2.8443292714240176],\n",
              "   [0.9971667358695047,\n",
              "    -0.006894827332405124,\n",
              "    0.0749063564152987,\n",
              "    -1.305941563719584],\n",
              "   [-0.003806026610799467,\n",
              "    0.9898905990543739,\n",
              "    0.1417819314517516,\n",
              "    0.9623283204725364],\n",
              "   [0.0, 0.0, 0.0, 1.0]]},\n",
              " {'file_path': './drive/MyDrive/gokuWhiteImagesBox1/0064_b.jpg',\n",
              "  'sharpness': 38.6856365740592,\n",
              "  'transform_matrix': [[-0.3306525234848272,\n",
              "    -0.13505367998112333,\n",
              "    0.9340392990962066,\n",
              "    3.0854136502200236],\n",
              "   [0.9437448928998987,\n",
              "    -0.043325574991072695,\n",
              "    0.3278238424498272,\n",
              "    -0.5252760980339644],\n",
              "   [-0.003806026610799467,\n",
              "    0.9898905990543739,\n",
              "    0.1417819314517516,\n",
              "    0.9623283204725364],\n",
              "   [0.0, 0.0, 0.0, 1.0]]},\n",
              " {'file_path': './drive/MyDrive/gokuWhiteImagesBox1/0064_c.jpg',\n",
              "  'sharpness': 38.6856365740592,\n",
              "  'transform_matrix': [[-0.5636449639623797,\n",
              "    -0.11923835348143887,\n",
              "    0.8173656279012621,\n",
              "    3.116232187640675],\n",
              "   [0.8260083950913412,\n",
              "    -0.07680375631299663,\n",
              "    0.5584006753759146,\n",
              "    0.29118606567287464],\n",
              "   [-0.003806026610799467,\n",
              "    0.9898905990543739,\n",
              "    0.1417819314517516,\n",
              "    0.9623283204725364],\n",
              "   [0.0, 0.0, 0.0, 1.0]]},\n",
              " {'file_path': './drive/MyDrive/gokuWhiteImagesBox1/0064_d.jpg',\n",
              "  'sharpness': 38.6856365740592,\n",
              "  'transform_matrix': [[-0.7582259316132404,\n",
              "    -0.09529713024269035,\n",
              "    0.6449898399254128,\n",
              "    2.9346846512907967],\n",
              "   [0.651980790200723,\n",
              "    -0.10504788856639835,\n",
              "    0.7509234250758811,\n",
              "    1.087804380211833],\n",
              "   [-0.003806026610799467,\n",
              "    0.9898905990543739,\n",
              "    0.1417819314517516,\n",
              "    0.9623283204725364],\n",
              "   [0.0, 0.0, 0.0, 1.0]]},\n",
              " {'file_path': './drive/MyDrive/gokuWhiteImagesBox1/0064_e.jpg',\n",
              "  'sharpness': 38.6856365740592,\n",
              "  'transform_matrix': [[-0.9011350550522558,\n",
              "    -0.0648615650638564,\n",
              "    0.42865906025475453,\n",
              "    2.5531432057511427],\n",
              "   [0.433521771907125,\n",
              "    -0.12613318081384398,\n",
              "    0.8922719843165607,\n",
              "    1.8102906239210907],\n",
              "   [-0.003806026610799467,\n",
              "    0.9898905990543739,\n",
              "    0.1417819314517516,\n",
              "    0.9623283204725364],\n",
              "   [0.0, 0.0, 0.0, 1.0]]},\n",
              " {'file_path': './drive/MyDrive/gokuWhiteImagesBox1/0064_f.jpg',\n",
              "  'sharpness': 38.6856365740592,\n",
              "  'transform_matrix': [[-0.9826333136855501,\n",
              "    -0.030005791414724984,\n",
              "    0.18311587402032573,\n",
              "    1.9976092700081902],\n",
              "   [0.18551896128665848,\n",
              "    -0.138622705233763,\n",
              "    0.97281368237524,\n",
              "    2.409408553256832],\n",
              "   [-0.003806026610799467,\n",
              "    0.9898905990543739,\n",
              "    0.1417819314517516,\n",
              "    0.9623283204725364],\n",
              "   [0.0, 0.0, 0.0, 1.0]]},\n",
              " {'file_path': './drive/MyDrive/gokuWhiteImagesBox1/0064_g.jpg',\n",
              "  'sharpness': 38.6856365740592,\n",
              "  'transform_matrix': [[-0.9971667358695047,\n",
              "    0.006894827332405116,\n",
              "    -0.07490635641529865,\n",
              "    1.3059415637195841],\n",
              "   [-0.07512665996091472,\n",
              "    -0.14166532137685303,\n",
              "    0.9870597356306691,\n",
              "    2.8443292714240176],\n",
              "   [-0.003806026610799467,\n",
              "    0.9898905990543739,\n",
              "    0.1417819314517516,\n",
              "    0.9623283204725364],\n",
              "   [0.0, 0.0, 0.0, 1.0]]},\n",
              " {'file_path': './drive/MyDrive/gokuWhiteImagesBox1/0064_h.jpg',\n",
              "  'sharpness': 38.6856365740592,\n",
              "  'transform_matrix': [[-0.9437448928998987,\n",
              "    0.04332557499107268,\n",
              "    -0.3278238424498271,\n",
              "    0.5252760980339646],\n",
              "   [-0.3306525234848271,\n",
              "    -0.13505367998112333,\n",
              "    0.9340392990962068,\n",
              "    3.085413650220023],\n",
              "   [-0.003806026610799467,\n",
              "    0.9898905990543739,\n",
              "    0.1417819314517516,\n",
              "    0.9623283204725364],\n",
              "   [0.0, 0.0, 0.0, 1.0]]},\n",
              " {'file_path': './drive/MyDrive/gokuWhiteImagesBox1/0064_i.jpg',\n",
              "  'sharpness': 38.6856365740592,\n",
              "  'transform_matrix': [[-0.8260083950913412,\n",
              "    0.07680375631299662,\n",
              "    -0.5584006753759144,\n",
              "    -0.2911860656728742],\n",
              "   [-0.5636449639623795,\n",
              "    -0.11923835348143887,\n",
              "    0.8173656279012621,\n",
              "    3.116232187640675],\n",
              "   [-0.003806026610799467,\n",
              "    0.9898905990543739,\n",
              "    0.1417819314517516,\n",
              "    0.9623283204725364],\n",
              "   [0.0, 0.0, 0.0, 1.0]]},\n",
              " {'file_path': './drive/MyDrive/gokuWhiteImagesBox1/0064_j.jpg',\n",
              "  'sharpness': 38.6856365740592,\n",
              "  'transform_matrix': [[-0.651980790200723,\n",
              "    0.10504788856639835,\n",
              "    -0.7509234250758811,\n",
              "    -1.087804380211833],\n",
              "   [-0.7582259316132404,\n",
              "    -0.09529713024269035,\n",
              "    0.6449898399254128,\n",
              "    2.9346846512907967],\n",
              "   [-0.003806026610799467,\n",
              "    0.9898905990543739,\n",
              "    0.1417819314517516,\n",
              "    0.9623283204725364],\n",
              "   [0.0, 0.0, 0.0, 1.0]]},\n",
              " {'file_path': './drive/MyDrive/gokuWhiteImagesBox1/0064_k.jpg',\n",
              "  'sharpness': 38.6856365740592,\n",
              "  'transform_matrix': [[-0.4335217719071252,\n",
              "    0.12613318081384395,\n",
              "    -0.8922719843165606,\n",
              "    -1.81029062392109],\n",
              "   [-0.9011350550522557,\n",
              "    -0.06486156506385643,\n",
              "    0.42865906025475475,\n",
              "    2.553143205751143],\n",
              "   [-0.003806026610799467,\n",
              "    0.9898905990543739,\n",
              "    0.1417819314517516,\n",
              "    0.9623283204725364],\n",
              "   [0.0, 0.0, 0.0, 1.0]]},\n",
              " {'file_path': './drive/MyDrive/gokuWhiteImagesBox1/0064_l.jpg',\n",
              "  'sharpness': 38.6856365740592,\n",
              "  'transform_matrix': [[-0.18551896128665854,\n",
              "    0.138622705233763,\n",
              "    -0.97281368237524,\n",
              "    -2.409408553256832],\n",
              "   [-0.9826333136855501,\n",
              "    -0.03000579141472499,\n",
              "    0.18311587402032578,\n",
              "    1.9976092700081904],\n",
              "   [-0.003806026610799467,\n",
              "    0.9898905990543739,\n",
              "    0.1417819314517516,\n",
              "    0.9623283204725364],\n",
              "   [0.0, 0.0, 0.0, 1.0]]},\n",
              " {'file_path': './drive/MyDrive/gokuWhiteImagesBox1/0064_m.jpg',\n",
              "  'sharpness': 38.6856365740592,\n",
              "  'transform_matrix': [[0.07512665996091465,\n",
              "    0.14166532137685303,\n",
              "    -0.9870597356306691,\n",
              "    -2.8443292714240176],\n",
              "   [-0.9971667358695047,\n",
              "    0.006894827332405107,\n",
              "    -0.07490635641529858,\n",
              "    1.3059415637195844],\n",
              "   [-0.003806026610799467,\n",
              "    0.9898905990543739,\n",
              "    0.1417819314517516,\n",
              "    0.9623283204725364],\n",
              "   [0.0, 0.0, 0.0, 1.0]]},\n",
              " {'file_path': './drive/MyDrive/gokuWhiteImagesBox1/0064_n.jpg',\n",
              "  'sharpness': 38.6856365740592,\n",
              "  'transform_matrix': [[0.3306525234848268,\n",
              "    0.13505367998112336,\n",
              "    -0.9340392990962069,\n",
              "    -3.085413650220023],\n",
              "   [-0.9437448928998988,\n",
              "    0.04332557499107264,\n",
              "    -0.3278238424498268,\n",
              "    0.5252760980339655],\n",
              "   [-0.003806026610799467,\n",
              "    0.9898905990543739,\n",
              "    0.1417819314517516,\n",
              "    0.9623283204725364],\n",
              "   [0.0, 0.0, 0.0, 1.0]]},\n",
              " {'file_path': './drive/MyDrive/gokuWhiteImagesBox1/0064_o.jpg',\n",
              "  'sharpness': 38.6856365740592,\n",
              "  'transform_matrix': [[0.5636449639623795,\n",
              "    0.11923835348143888,\n",
              "    -0.8173656279012622,\n",
              "    -3.116232187640675],\n",
              "   [-0.8260083950913413,\n",
              "    0.0768037563129966,\n",
              "    -0.5584006753759144,\n",
              "    -0.2911860656728738],\n",
              "   [-0.003806026610799467,\n",
              "    0.9898905990543739,\n",
              "    0.1417819314517516,\n",
              "    0.9623283204725364],\n",
              "   [0.0, 0.0, 0.0, 1.0]]},\n",
              " {'file_path': './drive/MyDrive/gokuWhiteImagesBox1/0064_p.jpg',\n",
              "  'sharpness': 38.6856365740592,\n",
              "  'transform_matrix': [[0.75822593161324,\n",
              "    0.09529713024269039,\n",
              "    -0.6449898399254131,\n",
              "    -2.934684651290797],\n",
              "   [-0.6519807902007233,\n",
              "    0.10504788856639831,\n",
              "    -0.7509234250758807,\n",
              "    -1.0878043802118316],\n",
              "   [-0.003806026610799467,\n",
              "    0.9898905990543739,\n",
              "    0.1417819314517516,\n",
              "    0.9623283204725364],\n",
              "   [0.0, 0.0, 0.0, 1.0]]},\n",
              " {'file_path': './drive/MyDrive/gokuWhiteImagesBox1/0064_q.jpg',\n",
              "  'sharpness': 38.6856365740592,\n",
              "  'transform_matrix': [[0.9011350550522556,\n",
              "    0.06486156506385646,\n",
              "    -0.42865906025475486,\n",
              "    -2.5531432057511436],\n",
              "   [-0.4335217719071254,\n",
              "    0.12613318081384395,\n",
              "    -0.8922719843165605,\n",
              "    -1.8102906239210899],\n",
              "   [-0.003806026610799467,\n",
              "    0.9898905990543739,\n",
              "    0.1417819314517516,\n",
              "    0.9623283204725364],\n",
              "   [0.0, 0.0, 0.0, 1.0]]},\n",
              " {'file_path': './drive/MyDrive/gokuWhiteImagesBox1/0064_r.jpg',\n",
              "  'sharpness': 38.6856365740592,\n",
              "  'transform_matrix': [[0.98263331368555,\n",
              "    0.03000579141472506,\n",
              "    -0.18311587402032628,\n",
              "    -1.9976092700081918],\n",
              "   [-0.18551896128665904,\n",
              "    0.13862270523376302,\n",
              "    -0.9728136823752399,\n",
              "    -2.4094085532568306],\n",
              "   [-0.003806026610799467,\n",
              "    0.9898905990543739,\n",
              "    0.1417819314517516,\n",
              "    0.9623283204725364],\n",
              "   [0.0, 0.0, 0.0, 1.0]]},\n",
              " {'file_path': './drive/MyDrive/gokuWhiteImagesBox1/0064_s.jpg',\n",
              "  'sharpness': 38.6856365740592,\n",
              "  'transform_matrix': [[0.9971667358695047,\n",
              "    -0.006894827332405098,\n",
              "    0.07490635641529853,\n",
              "    -1.3059415637195844],\n",
              "   [0.0751266599609146,\n",
              "    0.14166532137685303,\n",
              "    -0.9870597356306691,\n",
              "    -2.844329271424017],\n",
              "   [-0.003806026610799467,\n",
              "    0.9898905990543739,\n",
              "    0.1417819314517516,\n",
              "    0.9623283204725364],\n",
              "   [0.0, 0.0, 0.0, 1.0]]},\n",
              " {'file_path': './drive/MyDrive/gokuWhiteImagesBox1/0064_t.jpg',\n",
              "  'sharpness': 38.6856365740592,\n",
              "  'transform_matrix': [[0.9437448928998988,\n",
              "    -0.04332557499107263,\n",
              "    0.32782384244982676,\n",
              "    -0.5252760980339657],\n",
              "   [0.33065252348482677,\n",
              "    0.13505367998112336,\n",
              "    -0.9340392990962069,\n",
              "    -3.0854136502200227],\n",
              "   [-0.003806026610799467,\n",
              "    0.9898905990543739,\n",
              "    0.1417819314517516,\n",
              "    0.9623283204725364],\n",
              "   [0.0, 0.0, 0.0, 1.0]]},\n",
              " {'file_path': './drive/MyDrive/gokuWhiteImagesBox1/0064_u.jpg',\n",
              "  'sharpness': 38.6856365740592,\n",
              "  'transform_matrix': [[0.8260083950913415,\n",
              "    -0.07680375631299656,\n",
              "    0.558400675375914,\n",
              "    0.2911860656728724],\n",
              "   [0.5636449639623792,\n",
              "    0.11923835348143891,\n",
              "    -0.8173656279012625,\n",
              "    -3.116232187640675],\n",
              "   [-0.003806026610799467,\n",
              "    0.9898905990543739,\n",
              "    0.1417819314517516,\n",
              "    0.9623283204725364],\n",
              "   [0.0, 0.0, 0.0, 1.0]]},\n",
              " {'file_path': './drive/MyDrive/gokuWhiteImagesBox1/0064_v.jpg',\n",
              "  'sharpness': 38.6856365740592,\n",
              "  'transform_matrix': [[0.6519807902007231,\n",
              "    -0.10504788856639834,\n",
              "    0.750923425075881,\n",
              "    1.087804380211833],\n",
              "   [0.7582259316132403,\n",
              "    0.09529713024269036,\n",
              "    -0.6449898399254129,\n",
              "    -2.9346846512907967],\n",
              "   [-0.003806026610799467,\n",
              "    0.9898905990543739,\n",
              "    0.1417819314517516,\n",
              "    0.9623283204725364],\n",
              "   [0.0, 0.0, 0.0, 1.0]]},\n",
              " {'file_path': './drive/MyDrive/gokuWhiteImagesBox1/0064_w.jpg',\n",
              "  'sharpness': 38.6856365740592,\n",
              "  'transform_matrix': [[0.4335217719071254,\n",
              "    -0.12613318081384395,\n",
              "    0.8922719843165605,\n",
              "    1.8102906239210899],\n",
              "   [0.9011350550522556,\n",
              "    0.06486156506385646,\n",
              "    -0.42865906025475486,\n",
              "    -2.5531432057511436],\n",
              "   [-0.003806026610799467,\n",
              "    0.9898905990543739,\n",
              "    0.1417819314517516,\n",
              "    0.9623283204725364],\n",
              "   [0.0, 0.0, 0.0, 1.0]]},\n",
              " {'file_path': './drive/MyDrive/gokuWhiteImagesBox1/0064_x.jpg',\n",
              "  'sharpness': 38.6856365740592,\n",
              "  'transform_matrix': [[0.1855189612866591,\n",
              "    -0.13862270523376302,\n",
              "    0.9728136823752399,\n",
              "    2.4094085532568306],\n",
              "   [0.98263331368555,\n",
              "    0.030005791414725067,\n",
              "    -0.18311587402032634,\n",
              "    -1.997609270008192],\n",
              "   [-0.003806026610799467,\n",
              "    0.9898905990543739,\n",
              "    0.1417819314517516,\n",
              "    0.9623283204725364],\n",
              "   [0.0, 0.0, 0.0, 1.0]]}]"
            ]
          },
          "metadata": {},
          "execution_count": 20
        }
      ]
    },
    {
      "cell_type": "code",
      "source": [
        "new_frame = sortedFrames[0]\n",
        "new_frame[\"transform_matrix\"] = (transform_matrix @ \n",
        "                                  np.asarray(new_frame[\"transform_matrix\"])).tolist()\n",
        "new_frame"
      ],
      "metadata": {
        "colab": {
          "base_uri": "https://localhost:8080/"
        },
        "id": "K7bZsbfmP34F",
        "outputId": "f54fd87f-f482-4ac0-bbb4-86b3d5bc5699"
      },
      "execution_count": null,
      "outputs": [
        {
          "output_type": "execute_result",
          "data": {
            "text/plain": [
              "{'file_path': './drive/MyDrive/gokuWhiteImagesBox1/0001.jpg',\n",
              " 'sharpness': 18.69040408468364,\n",
              " 'transform_matrix': [[-0.9309225599160761,\n",
              "   -0.08419465482171021,\n",
              "   0.35537930095404036,\n",
              "   1.7414345436693965],\n",
              "  [0.3599273101675697,\n",
              "   -0.046493411442491216,\n",
              "   0.9318211706623037,\n",
              "   4.068449432521028],\n",
              "  [-0.06193156576207349,\n",
              "   0.9953640654585658,\n",
              "   0.07358572123974055,\n",
              "   0.06404626520402844],\n",
              "  [0.0, 0.0, 0.0, 1.0]]}"
            ]
          },
          "metadata": {},
          "execution_count": 133
        }
      ]
    },
    {
      "cell_type": "code",
      "source": [
        "testFrames.append(new_frame)\n",
        "testFrames"
      ],
      "metadata": {
        "colab": {
          "base_uri": "https://localhost:8080/"
        },
        "id": "NJs5ujXEQ6Tb",
        "outputId": "ba4f04a7-fd1d-4b51-d494-80dc9cee48cc"
      },
      "execution_count": null,
      "outputs": [
        {
          "output_type": "execute_result",
          "data": {
            "text/plain": [
              "[{'file_path': './drive/MyDrive/gokuWhiteImagesBox1/0001.jpg',\n",
              "  'sharpness': 18.69040408468364,\n",
              "  'transform_matrix': [[-0.9309225599160761,\n",
              "    -0.08419465482171021,\n",
              "    0.35537930095404036,\n",
              "    1.7414345436693965],\n",
              "   [0.3599273101675697,\n",
              "    -0.046493411442491216,\n",
              "    0.9318211706623037,\n",
              "    4.068449432521028],\n",
              "   [-0.06193156576207349,\n",
              "    0.9953640654585658,\n",
              "    0.07358572123974055,\n",
              "    0.06404626520402844],\n",
              "   [0.0, 0.0, 0.0, 1.0]]}]"
            ]
          },
          "metadata": {},
          "execution_count": 134
        }
      ]
    },
    {
      "cell_type": "code",
      "source": [
        "# creating the testing data dictionary\n",
        "testDict = {}\n",
        "for k in origDict.keys():\n",
        "  if k != \"frames\":\n",
        "    testDict[k] = origDict[k]\n",
        "  else:\n",
        "    testDict[k] = testFrames\n",
        "print(testDict)\n",
        "print(testDict.keys())"
      ],
      "metadata": {
        "colab": {
          "base_uri": "https://localhost:8080/"
        },
        "id": "tZ7p34FaRKqJ",
        "outputId": "80ab4d6a-7e7d-44df-ccbc-401ac027c7f4"
      },
      "execution_count": null,
      "outputs": [
        {
          "output_type": "stream",
          "name": "stdout",
          "text": [
